base_delay:20
x:1679
y:1049
which_program:54
screen_width:1920
screen_height:1080
screen_scale:1
clash_0_x_percent:0.463541667
clash_0_y_percent:0.359259259
clash_1_y_percent:0.415740741
